0.0
1.0
-9.0772895813
-2.770829916
1.4274200201
-22.0848999023
-6.37482023239
1.72350001335
0.0
1.0
1.0
1.0
0.0
96.0
3.0
0.0
0.0
0.0
0.0
0.0
208.0
1.0
0.0
0.0
0.0
0.0
38.0
53.0
0.0
0.0
0.0
0.0
0.0
0.0
1.0
1.0
0.0
1.0
0.320288002491
2.64370989799
0.717149019241
23.7800998688
6.79084014893
1.55490005016
0.0
1.0
1.0
1.0
0.0
16.0
5.0
0.0
0.0
0.0
0.0
0.0
32.0
8.0
0.0
0.0
0.0
0.0
85.0
78.0
0.0
0.0
0.0
0.0
0.0
0.0
1.0
1.0
0.0
1.0
-2.86837005615
-0.292787998915
3.30412006378
-5.60422992706
-0.655022025108
7.17538976669
0.0
1.0
1.0
1.0
0.0
64.0
4.0
0.0
0.0
0.0
0.0
0.0
128.0
4.0
0.0
0.0
0.0
0.0
221.0
178.0
0.0
0.0
0.0
0.0
0.0
0.0
1.0
1.0
0.0
1.0
-9.17026996613
0.755196988583
-3.18811988831
-10.630399704
1.36869001389
-6.47584009171
0.0
1.0
1.0
1.0
0.0
160.0
3.0
0.0
0.0
0.0
0.0
1.0
112.0
3.0
0.0
0.0
0.0
0.0
17.0
31.0
0.0
0.0
0.0
0.0
0.0
0.0
1.0
1.0
0.0
1.0
-1.19650995731
1.63861000538
2.7008600235
-5.21973991394
3.6611199379
5.46509981155
0.0
1.0
1.0
1.0
0.0
32.0
4.0
0.0
0.0
0.0
0.0
0.0
80.0
4.0
0.0
0.0
0.0
0.0
118.0
95.0
0.0
0.0
0.0
0.0
0.0
0.0
1.0
1.0
0.0
1.0
1.14586997032
0.297378987074
2.76313996315
4.40144014359
2.73641991615
6.38265991211
0.0
1.0
1.0
1.0
0.0
48.0
5.0
0.0
0.0
0.0
0.0
0.0
96.0
5.0
0.0
0.0
0.0
0.0
36.0
30.0
0.0
0.0
0.0
0.0
0.0
0.0
1.0
1.0
0.0
1.0
-0.999445021152
-1.13196003437
-2.52513003349
24.9316005707
-3.00556993484
-5.89223003387
0.0
1.0
1.0
1.0
0.0
144.0
4.0
0.0
0.0
0.0
0.0
1.0
48.0
8.0
0.0
0.0
0.0
0.0
58.0
49.0
0.0
0.0
0.0
0.0
0.0
0.0
1.0
1.0
0.0
1.0
-4.4681801796
-1.43575000763
3.01739001274
-8.14192008972
-2.78472995758
6.0063700676
0.0
1.0
1.0
1.0
0.0
64.0
4.0
0.0
0.0
0.0
0.0
0.0
144.0
3.0
0.0
0.0
0.0
0.0
151.0
136.0
0.0
0.0
0.0
0.0
0.0
0.0
1.0
1.0
0.0
1.0
3.5035200119
-1.21524000168
-2.50138998032
16.0308990479
-3.00262999535
-6.28455018997
0.0
1.0
1.0
1.0
0.0
144.0
5.0
0.0
0.0
0.0
0.0
1.0
64.0
7.0
0.0
0.0
0.0
0.0
9.0
7.0
0.0
0.0
0.0
0.0
0.0
0.0
1.0
1.0
0.0
1.0
-5.86567020416
-2.17426991463
1.70688998699
-25.3505992889
-5.8730301857
3.69008994102
0.0
1.0
1.0
1.0
0.0
80.0
4.0
0.0
0.0
0.0
0.0
0.0
192.0
1.0
0.0
0.0
0.0
0.0
161.0
162.0
0.0
0.0
0.0
0.0
0.0
0.0
1.0
1.0
0.0
1.0
8.6720199585
-2.11297011375
1.76626002789
15.8235998154
-4.97718000412
4.33667993546
0.0
1.0
1.0
1.0
0.0
80.0
6.0
0.0
0.0
0.0
0.0
0.0
176.0
7.0
0.0
0.0
0.0
0.0
237.0
188.0
0.0
0.0
0.0
0.0
0.0
0.0
1.0
1.0
0.0
1.0
16.6972007751
3.13073992729
-0.165338993073
24.8988990784
6.78357982635
-1.61819005013
0.0
1.0
1.0
1.0
0.0
192.0
7.0
0.0
0.0
0.0
0.0
1.0
192.0
8.0
0.0
0.0
0.0
0.0
81.0
62.0
0.0
0.0
0.0
0.0
0.0
0.0
1.0
1.0
0.0
1.0
3.59489011765
2.13063001633
-1.74916005135
20.221200943
5.93506002426
-3.59489011765
0.0
1.0
1.0
1.0
0.0
176.0
5.0
0.0
0.0
0.0
0.0
1.0
160.0
8.0
0.0
0.0
0.0
0.0
84.0
61.0
0.0
0.0
0.0
0.0
1.0
0.0
1.0
1.0
0.0
1.0
-6.95899009705
2.05780005455
2.26803994179
-12.3961000443
4.83418989182
4.97727012634
0.0
1.0
1.0
1.0
0.0
32.0
3.0
0.0
0.0
0.0
0.0
0.0
64.0
3.0
0.0
0.0
0.0
0.0
213.0
174.0
0.0
0.0
0.0
0.0
0.0
0.0
1.0
1.0
0.0
1.0
0.351442009211
2.76652002335
-1.44253003597
1.65167999268
5.63615989685
-4.05364990234
0.0
1.0
1.0
1.0
0.0
192.0
5.0
0.0
0.0
0.0
0.0
1.0
160.0
5.0
0.0
0.0
0.0
0.0
62.0
37.0
0.0
0.0
0.0
0.0
0.0
0.0
1.0
1.0
0.0
1.0
-13.8276996613
-2.91486001015
0.922365009785
-9.42098999023
-6.32317018509
1.86364996433
0.0
1.0
1.0
1.0
0.0
96.0
2.0
0.0
0.0
0.0
0.0
0.0
208.0
3.0
0.0
0.0
0.0
0.0
34.0
25.0
0.0
0.0
0.0
0.0
0.0
0.0
1.0
1.0
0.0
1.0
-2.5808699131
-2.77556991577
-0.191532000899
-6.27340984344
-6.53971004486
-0.709093987942
0.0
1.0
1.0
1.0
0.0
112.0
4.0
0.0
0.0
0.0
0.0
0.0
240.0
4.0
0.0
0.0
0.0
0.0
3.0
8.0
0.0
0.0
0.0
0.0
0.0
0.0
1.0
1.0
0.0
1.0
3.6086499691
3.09850001335
-0.278412997723
8.01212024689
6.57344007492
0.357832998037
0.0
1.0
1.0
1.0
0.0
192.0
5.0
0.0
0.0
0.0
0.0
0.0
16.0
6.0
0.0
0.0
0.0
0.0
55.0
43.0
0.0
0.0
0.0
0.0
0.0
0.0
1.0
1.0
0.0
1.0
6.57328987122
-2.26501989365
-2.05406999588
15.4652004242
-5.18446016312
-4.61527013779
0.0
1.0
1.0
1.0
0.0
128.0
5.0
0.0
0.0
0.0
0.0
1.0
32.0
7.0
0.0
0.0
0.0
0.0
16.0
21.0
0.0
1.0
0.0
0.0
0.0
0.0
1.0
1.0
0.0
1.0
-3.85625004768
-1.99691998959
1.87864995003
-24.547000885
-4.6199297905
4.68235015869
0.0
1.0
1.0
1.0
0.0
80.0
4.0
0.0
0.0
0.0
0.0
0.0
176.0
1.0
0.0
0.0
0.0
0.0
54.0
61.0
0.0
0.0
0.0
0.0
0.0
0.0
1.0
1.0
0.0
1.0
-5.61709022522
-2.99870991707
0.628338992596
4.40907001495
-6.35592985153
1.77474999428
0.0
1.0
1.0
1.0
0.0
96.0
4.0
0.0
0.0
0.0
0.0
0.0
208.0
5.0
0.0
0.0
0.0
0.0
225.0
235.0
0.0
0.0
0.0
0.0
0.0
0.0
1.0
1.0
0.0
1.0
-3.69095993042
-3.13441991806
0.152461007237
-7.61220979691
-6.95238018036
0.313560009003
0.0
1.0
1.0
1.0
0.0
96.0
4.0
0.0
0.0
0.0
0.0
0.0
224.0
3.0
0.0
0.0
0.0
0.0
331.0
317.0
0.0
0.0
0.0
0.0
0.0
0.0
1.0
1.0
0.0
1.0
1.01366996765
-0.738480985165
3.19231009483
3.01805996895
-1.60291004181
6.39819002151
0.0
1.0
1.0
1.0
0.0
64.0
5.0
0.0
0.0
0.0
0.0
0.0
144.0
5.0
0.0
0.0
0.0
0.0
129.0
102.0
0.0
0.0
0.0
0.0
0.0
0.0
1.0
1.0
0.0
1.0
-9.21580028534
-0.472559988499
-2.71318006516
-12.8229999542
-1.50215995312
-6.43801021576
0.0
1.0
1.0
1.0
0.0
144.0
3.0
0.0
0.0
0.0
0.0
1.0
80.0
3.0
0.0
0.0
0.0
0.0
67.0
54.0
0.0
0.0
0.0
0.0
0.0
0.0
1.0
1.0
0.0
1.0
-1.30163002014
1.01786005497
2.55767011642
-2.0441699028
0.671748995781
6.54546022415
0.0
1.0
1.0
1.0
0.0
48.0
4.0
0.0
0.0
0.0
0.0
0.0
112.0
4.0
0.0
0.0
0.0
0.0
60.0
48.0
0.0
0.0
0.0
0.0
0.0
0.0
1.0
1.0
0.0
1.0
-4.03630018234
2.0069899559
-1.86889994144
-26.0993003845
4.81677007675
-4.49188995361
0.0
1.0
1.0
1.0
0.0
176.0
4.0
0.0
0.0
0.0
0.0
1.0
144.0
1.0
0.0
0.0
0.0
0.0
104.0
103.0
0.0
0.0
0.0
0.0
0.0
0.0
1.0
1.0
0.0
1.0
-15.8076000214
0.750306010246
-3.18934011459
-22.1625003815
1.42575001717
-6.45692014694
0.0
1.0
1.0
1.0
0.0
160.0
2.0
0.0
0.0
0.0
0.0
1.0
112.0
1.0
0.0
0.0
0.0
0.0
44.0
48.0
0.0
0.0
0.0
0.0
0.0
0.0
1.0
1.0
0.0
1.0
1.78452003002
-2.79741001129
-0.104489997029
26.1648006439
-6.59037017822
-0.18147200346
0.0
1.0
1.0
1.0
0.0
112.0
5.0
0.0
0.0
0.0
0.0
0.0
240.0
8.0
0.0
0.0
0.0
0.0
5.0
1.0
0.0
0.0
0.0
0.0
0.0
0.0
1.0
1.0
0.0
1.0
-11.0546998978
-2.73903989792
-0.337168991566
0.265769004822
-6.59148979187
-0.169887006283
0.0
1.0
1.0
1.0
0.0
112.0
3.0
0.0
0.0
0.0
0.0
0.0
240.0
5.0
0.0
0.0
0.0
0.0
1.0
0.0
0.0
0.0
0.0
0.0
0.0
0.0
1.0
1.0
0.0
1.0
-2.05970001221
2.55796003342
1.05899000168
25.4048995972
6.49136018753
1.21257996559
0.0
1.0
1.0
1.0
0.0
16.0
4.0
0.0
0.0
0.0
0.0
0.0
16.0
8.0
0.0
0.0
0.0
0.0
130.0
92.0
0.0
0.0
0.0
0.0
0.0
0.0
1.0
1.0
0.0
1.0
-9.35676956177
-0.805491983891
-2.61824011803
-6.02144002914
-1.92901003361
-6.68019008636
0.0
1.0
1.0
1.0
0.0
144.0
3.0
0.0
0.0
0.0
0.0
1.0
64.0
4.0
0.0
0.0
0.0
0.0
30.0
31.0
0.0
0.0
0.0
0.0
0.0
0.0
1.0
1.0
0.0
1.0
2.00376009941
2.88263988495
-1.03532004356
19.6082992554
6.18280982971
-2.24453997612
0.0
1.0
1.0
1.0
0.0
192.0
5.0
0.0
0.0
0.0
0.0
1.0
176.0
7.0
0.0
0.0
0.0
0.0
14.0
26.0
0.0
0.0
0.0
0.0
0.0
0.0
1.0
1.0
0.0
1.0
8.73925018311
-2.7688100338
1.43449997902
17.754699707
-5.42767000198
4.37363004684
0.0
1.0
1.0
1.0
0.0
96.0
6.0
0.0
0.0
0.0
0.0
0.0
192.0
7.0
0.0
0.0
0.0
0.0
85.0
82.0
0.0
0.0
0.0
0.0
0.0
0.0
1.0
1.0
0.0
1.0
7.41894006729
1.4674500227
2.42946004868
6.32102012634
3.43605995178
5.6117401123
0.0
1.0
1.0
1.0
0.0
48.0
6.0
0.0
0.0
0.0
0.0
0.0
80.0
5.0
0.0
0.0
0.0
0.0
49.0
12.0
0.0
0.0
0.0
0.0
0.0
0.0
1.0
1.0
0.0
1.0
-0.631826996803
1.01909005642
-3.12191009521
-1.80009996891
1.97697997093
-6.27416992188
0.0
1.0
1.0
1.0
0.0
160.0
4.0
0.0
0.0
0.0
0.0
1.0
112.0
4.0
0.0
0.0
0.0
0.0
33.0
51.0
0.0
0.0
0.0
0.0
0.0
0.0
1.0
1.0
0.0
1.0
-3.60701990128
-2.6076900959
-1.70025002956
-26.3069000244
-5.59657001495
-3.4562599659
0.0
1.0
1.0
1.0
0.0
128.0
4.0
0.0
0.0
0.0
0.0
1.0
16.0
1.0
0.0
0.0
0.0
0.0
36.0
34.0
0.0
0.0
0.0
0.0
0.0
0.0
1.0
1.0
0.0
1.0
-12.2117996216
0.00813269987702
-2.8502600193
-10.6126003265
-1.21959996223
-6.47456979752
0.0
1.0
1.0
1.0
0.0
144.0
3.0
0.0
0.0
0.0
0.0
1.0
80.0
3.0
0.0
0.0
0.0
0.0
45.0
41.0
0.0
0.0
0.0
0.0
0.0
0.0
1.0
1.0
0.0
1.0
2.5633699894
1.33685004711
-2.51793003082
-6.08779001236
0.799836993217
-7.16147994995
0.0
1.0
1.0
1.0
0.0
176.0
5.0
0.0
0.0
0.0
0.0
1.0
96.0
4.0
0.0
0.0
0.0
0.0
15.0
14.0
0.0
1.0
0.0
0.0
0.0
0.0
1.0
1.0
0.0
1.0
6.09932994843
0.576075971127
2.68366003036
8.62537956238
-0.0306981001049
7.23534011841
0.0
1.0
1.0
1.0
0.0
48.0
5.0
0.0
0.0
0.0
0.0
0.0
128.0
6.0
0.0
0.0
0.0
0.0
48.0
42.0
0.0
0.0
0.0
0.0
0.0
0.0
1.0
1.0
0.0
1.0
6.91105985641
2.71345996857
0.439130991697
13.2276000977
6.5674700737
0.419997006655
0.0
1.0
1.0
1.0
0.0
16.0
6.0
0.0
0.0
0.0
0.0
0.0
16.0
6.0
0.0
0.0
0.0
0.0
25.0
12.0
0.0
0.0
0.0
0.0
0.0
0.0
1.0
1.0